Dag, H-oest, H-vest
1,	0.0624,	0.067
2,	0.0622,	0.0667
3,	0.0616,	0.0641
4,	0.0618,	0.0666
5,	0.0652,	0.0689
6,	0.0659,	0.0744
7,	0.0719,	0.0749
8,	0.0751,	0.0764
9,	0.0781,	0.0769
10,	0.0807,	0.078
11,	0.0849,	0.0774
12,	0.0918,	0.0746
13,	0.0966,	0.0712
14,	0.1026,	0.0692
15,	0.1063,	0.0637
16,	0.1093,	0.0599
17,	0.116,	0.0546
18,	0.1162,	0.0468
19,	0.1176,	0.0448
20,	0.1215,	0.0437
21,	0.1223,	0.0469
22,	0.1246,	0.0527
23,	0.1275,	0.0603
24,	0.1246,	0.065
25,	0.1232,	0.0716
26,	0.1199,	0.0766
27,	0.1118,	0.081
28,	0.105,	0.082
29,	0.0986,	0.0795
30,	0.0888,	0.0757
31,	0.0816,	0.0723
32,	0.0787,	0.0728
33,	0.076,	0.0734
34,	0.0787,	0.0753
35,	0.0764,	0.0816
36,	0.0776,	0.0873
37,	0.075,	0.0906
38,	0.0708,	0.0909
39,	0.068,	0.0895
40,	0.065,	0.0844
41,	0.0614,	0.0807
42,	0.0586,	0.0783
43,	0.0553,	0.0752
44,	0.0529,	0.0738
45,	0.053,	0.0782
46,	0.0563,	0.0854
47,	0.057,	0.0947
48,	0.063,	0.0993
49,	0.0665,	0.1034
50,	0.0748,	0.1088
51,	0.0815,	0.1099
52,	0.0878,	0.1148
53,	0.0925,	0.1139
54,	0.0937,	0.115
55,	0.0959,	0.12
56,	0.0985,	0.1213
57,	0.1009,	0.125
58,	0.1057,	0.1282
59,	0.1051,	0.1318
60,	0.1047,	0.1335
61,	0.0998,	0.1372
62,	0.0972,	0.1391
63,	0.0946,	0.1422
64,	0.0884,	0.1407
65,	0.0841,	0.1415
66,	0.0783,	0.1379
67,	0.0755,	0.1355
68,	0.0692,	0.1327
69,	0.0683,	0.1314
70,	0.0731,	0.1299
71,	0.0732,	0.1288
72,	0.0739,	0.1252
73,	0.0788,	0.1264
74,	0.0827,	0.1217
75,	0.0906,	0.1165
76,	0.0936,	0.113
77,	0.0998,	0.1093
78,	0.1014,	0.1083
79,	0.1046,	0.1062
80,	0.1049,	0.1044
81,	0.1032,	0.098
82,	0.1037,	0.0914
83,	0.0977,	0.0847
84,	0.0901,	0.0787
85,	0.0795,	0.0707
86,	0.0677,	0.0675
87,	0.0566,	0.062
88,	0.0449,	0.0626
89,	0.0311,	0.0625
90,	0.0219,	0.0677
91,	0.0167,	0.0755
92,	0.0137,	0.0825
93,	0.0111,	0.0881
94,	0.0161,	0.0911
95,	0.0164,	0.0958
96,	0.018,	0.0996
97,	0.0272,	0.1012
98,	0.0312,	0.0993
99,	0.0398,	0.1022
100,	0.0417,	0.1056
101,	0.0433,	0.1092
102,	0.0387,	0.1123
103,	0.0372,	0.1085
104,	0.0383,	0.1112
105,	0.0341,	0.1074
106,	0.0367,	0.1079
107,	0.0404,	0.1057
108,	0.0451,	0.1057
109,	0.0524,	0.102
110,	0.0569,	0.1009
111,	0.065,	0.1009
112,	0.0689,	0.1033
113,	0.072,	0.1094
114,	0.0707,	0.1174
115,	0.0702,	0.1178
116,	0.0647,	0.1161
117,	0.0647,	0.1145
118,	0.063,	0.1093
119,	0.0625,	0.1015
120,	0.0671,	0.0982
121,	0.0673,	0.0953
122,	0.0666,	0.0947
123,	0.0678,	0.0929

